0x1f203c00: 00000000 00000000 00000000 00000000
0x1f203c10: 00000000 00000000 00000000 00000000
0x1f203c20: 00000000 00000000 00000000 00000000
0x1f203c30: 00000000 00000000 00000000 00000000
0x1f203c40: 00000000 00000000 00000000 00000000
0x1f203c50: 00000000 00000000 00000000 00000000
0x1f203c60: 00000000 00000000 00000000 00000000
0x1f203c70: 00000000 00000000 00000000 00000000
0x1f203c80: 00000000 00000000 00000000 00000000
0x1f203c90: 00000000 00000000 00000000 00000000
0x1f203ca0: 00000000 00000000 00000000 00000000
0x1f203cb0: 00000000 00000000 00000000 00000000
0x1f203cc0: 00000000 00000000 00000000 00000000
0x1f203cd0: 00000000 00000000 00000000 00000000
0x1f203ce0: 00000000 00000000 00000000 00000000
0x1f203cf0: 00000000 00000000 00000000 00000000
0x1f203d00: 00000000 00000000 00000000 00000000
0x1f203d10: 00000000 00000000 00000000 00000000
0x1f203d20: 0000001e 00000000 00000000 00000000
0x1f203d30: 00000000 00000000 00000000 00000000
0x1f203d40: 00000000 00000000 00000000 00003012
0x1f203d50: 00000000 00000000 00000000 00000000
0x1f203d60: 00000000 00000000 00000000 00000000
0x1f203d70: 00000000 00000000 00000000 00000000
0x1f203d80: 00000000 00000000 00000000 00000000
0x1f203d90: 00000000 00000000 00000000 00000000
0x1f203da0: 00000000 00000000 00000000 00000000
0x1f203db0: 00000000 00000000 00000000 00000000
0x1f203dc0: 00000000 00000000 00000000 00000000
0x1f203dd0: 00000000 00000000 00000000 00000000
0x1f203de0: 00000000 00000000 00000000 00000000
0x1f203df0: 00000000 00000000 00000000 00000000
